DATA hurricane;
INPUT Year$ NS H MH ; 
DATALINES; 
  1900         7       3       2
  1901        12       5       0
  1902         5       3       0
  1903        10       7       1
  1904         5       3       0
  1905         5       1       1
  1906        11       6       3
  1907         5       0       0
  1908        10       6       1
  1909        11       6       4
  1910         5       3       1
  1911         4       3       0
  1912         6       4       1
  1913         4       3       0
  1914         1       0       0
  1915         5       4       3
  1916        14      11       6
  1917         3       2       2
  1918         5       3       0
  1919         3       1       1
  1920         4       4       0
  1921         6       4       2
  1922         4       2       1
  1923         7       3       1
  1924         8       5       2
  1925         2       1       0
  1926        11       8       6
  1927         7       4       2
  1928         6       4       1
  1929         3       3       1
  1930         2       2       1
  1931         9       2       1
  1932        11       6       4
  1933        21      10       5
  1934        11       6       0
  1935         6       5       3
  1936        16       7       1
  1937         9       3       0
  1938         8       3       1
  1939         5       3       1
  1940         8       4       0
  1941         6       4       2
  1942        10       4       1
  1943        10       5       2
  1944        11       7       3
  1945        11       5       3
  1946         6       3       1
  1947         9       5       2
  1948         9       6       4
  1949        13       7       3
  1950        13      11       7
  1951        10       8       5
  1952         7       6       3
  1953        14       6       4
  1954        11       8       2
  1955        12       9       6
  1956         8       4       2
  1957         8       3       2
  1958        10       7       5
  1959        11       7       2
  1960         7       4       2
  1961        11       8       7
  1962         5       3       1
  1963         9       7       2
  1964        12       6       6
  1965         6       4       1
  1966        11       7       3
  1967         8       6       1
  1968         8       4       0
  1969        18      12       5
  1970        10       5       2
  1971        13       6       1
  1972         7       3       0
  1973         8       4       1
  1974        11       4       2
  1975         9       6       3
  1976        10       6       2
  1977         6       5       1
  1978        12       5       2
  1979         9       5       2
  1980        11       9       2
  1981        12       7       3
  1982         6       2       1
  1983         4       3       1
  1984        13       5       1
  1985        11       7       3
  1986         6       4       0
  1987         7       3       1
  1988        12       5       3
  1989        11       7       2
  1990        14       8       1
  1991         8       4       2
  1992         7       4       1
  1993         8       4       1
  1994         7       3       0
  1995        19      11       5
  1996        13       9       6
  1997         8       3       1
  1998        14      10       3
  1999        12       8       5
  2000        15       8       3
  2001        15       9       4
  2002        12       4       2
  2003        16       7       3
  2004        15   .       .
  2005        27   .       .
  2006        10   .       .
  2007        15   .       .
  2008        16   .       .
  2009         9   .       .;
  
PROC PRINT DATA = hurricane;  
VAR Year NS H MH;  
RUN;

PROC MEANS N MEAN STD STDERR LCLM UCLM;  
VAR NS H MH;  
RUN;